$ANSIBLE_VAULT;1.1;AES256
36316437366339353430623432656166346236636464633035626633353464623764376437303435
3130663366303333396435653739303661626263383936620a333035663263653265336633613965
39343833623939303364313462383835633130366563663962353035626632663837303239643566
3931393535383835630a626666656664373962373930616566356666623965373366616133343866
36313435663563376461363234303063326433646364656162346136643130333162656436336536
39373565653963336431343065386632623936333266613733323266386630333966616235633163
34376333613262333264666433346331376135616463376632353130383664663937663138343033
37666466393862346231366334303838633264336132393465396536343135613738356262383339
33356462623238633837373661663732343964316235646431643932356265306134346135333937
32316237386235333538643939623164363534313866313833323565396536363930363338663732
63343136373835666461313232383131383733313032393934363539333438656133663431353232
62303964376263666335653039356362333930646438613137666162396635303033626663613661
64623431326465616339323534323163653531366261353962336134636565346437643035333234
38343266636438373236653139643061646266613162666137386635306236353236646338306635
33306534626637396162383965613738656465336262393530373732323564363430313338303064
36613837616130316565303665646666666666323561396363363461663162636130366531356561
38613337336462646436633764663061376163303038373664646265346239653332323933373238
63303439316432353566616665353331666136663032363535316538663263616662393365303737
32333931373231303735303665353837346532306236623333653236343665353232623134373538
36316535616430313438626230336335353930636336643365336238363362653338303966623264
31323161666563336266383239316663333861663231613131303166366365376234383935613234
38653735633239626433613630643763346665326664306331313132383230313537333939346463
32353931396635326130346337363962393430633533386539303436323038323061346433383436
64636536616538323236616133306232666338653165383538373930613630353935366637316437
61383662373839313165623561383130633062396237666532323061323361623038313831636236
34653137313265356234613664323733646637386332383065383535653236373464343034643666
30373236613064313664336634356530323665326233373333313732363136383165633561613338
31386662396639653632396433353162303730333166616332653061643936353931373636343333
34666636346336346564616432646665373030373533336434313338333666626432353931636664
39633139393962643335663264336233336338343466336536316430353737333132313834643939
66363066323438646565353833623365663537653631613761633434323165323334383834373264
34396265613539363261356536626366336163333330396362343865633066353762386632626138
38643132613665386565316637653661353263646364343533343365303538383038373534373534
65396261396336623331326437356664383435353163306533326536353331643064663938333465
66633438363462393030323764376136356436656639393333356165343734613363616566396634
33396635353638343766333261323739336236356133356463306166613161636664306336613437
32646636653162653763613236653065633365363033393137646562353561363635346132333631
34393737393932386437396537356361353339656461306536643063343839623835316163383033
62333466313430303863303264346232306435616132643939646462386233653437383235626230
33656538393036656364386266323038623638346161363264323663643631316438323766626432
36626131353865323834613234353666653133343838356164313864323638313137343535343365
31356566326165353663306138663361663735326633306437656434653033373730663133633235
64333863313239386562366137623538316666336639326130313936643466646336623333306362
37623737633931373438316432303764346333363064313034313539366266666161303539346136
63626134336639366663626536646630373462326561396566386165386132383038646561323130
34313730366137653531303133623439313963323333343633323436323638313465363433366362
38383830316661323836613366366262383332306266356336316339643766316434386135626238
33656663303530336537396130643230383464636465646364366333646466663062663733633964
65613635346639623064303866626335306635356539393235613839346234313035326534386137
35326539663438386537623432386532326535313235346463643935323032623966356530663739
62656333383664613631643663303131646465623434616665343765303736616130626237356165
62393965636661303737356364643034303731653030343866313930386365663365626132366633
38663539636538376337616262333436653430376261366238663261343862653066346439633036
32343036333233633831326661383230623462376263633666373764626263653866363336363932
62323132643765383163333435626534353336386563623164356633626232646563376239663131
39636537376662366630333961393135396136393163613838343936646434306235313632613334
38323765323839663862346433643136393564373337356536633565666634633034633564343635
30356535383336623530323965336130386637376130623630363836393965326630613462323961
39343930616330376235376636323566636664353761383931316433373138393461653438323064
32323639643661643433313335333030376236623361303733633437666339313630616265363232
36363536373662373332373837316363356638663064396361303262326139383531383530643438
66396538613433333231643134323165616562663865613161396630373137383938643733303034
30366664383633313538613238303466346434363761303235353539353366343962323835343637
34613735663339373936366331373531626230313937336134356663356466393234386432366430
64313335323836663630613930613333386537393133633332333632313866353866313666313439
35386539373235303262653238343666326333313264633132643436626439613730393864653639
33393865303130366164646235373636383631383634616535663661316132643331383666636263
66313438383166393461636139363130323437613434333564633735393930386136396461663938
61326665313135303137613566346136393138323664636238613964363538623331346133303764
37333935663763393938366536346137646536623930623163383930393732356666386666393461
36666564653038333535346261613039373031353933366236396338303231656539353834623061
37623037313638623332393162623533623430663361376332336531353039323231663964373337
64646131326265383362323739663937646230346134363962373537336265383639353161353336
62333133336136643463333762383634333231313436313863633966623961363832303831356164
38663039366438323138313164343830353966313163363434363632643666626461356264666339
65303338383937646364613530643137333663393833336237616265623432333735356161613230
32626235633630623338323335323363346132393863346562306364636130313130366535656633
62376363653430623062353537616338303663666334663563626132326234396233316133323933
30313039663665346333323062643734303631336130323430333736656530663661653833323030
34303261613039643466333937663863336264393034333034333763303335343636653135346136
35323430346365313763626336306333623762633531353561366139333734396562323333646638
35613837636333366335396131396663376430626638343662623637383630656630633330353332
63343764373931393165313164393061386237346365646466613665346334653863663836666666
63353438663839353132633864616164343561363862626633653937306166656530626661343363
32386237363535363139346362376365306636346666616438393738353461656233303665643365
39656365346432363061373038333332613133316439646463346563323633646135386661396438
39306331353133613731613937626439383631386662656366633631653765666331626330343763
61646534343733613135313739623562323031313438386162316562326131616635343563323037
37633062616638343138343032356537656162356463616662613063643963313732396134666433
38383639363364303166633861636633656530666262363534333562303839323237333334656538
39653639376436663364353866636134393938323430333263646130306139353764383062386332
61303634363332626335366231333537313032366132663966663365323231363637326330633632
66343761313135336436653261393338393638386362623738353831343735333438356535396337
39366339623135636330343431653663636561656364323464646362666634636539663230376433
38623730376235623331386334663335633664333230633162306337333032366462323965636266
61613033633237363265383431353662376136366363393763303530366534333935613133333831
61633837663164316266653233316339323033643737313133353066363332613265353764656632
36336135386530373039646135393136316239613465326632383231646533653232623765353534
62643936353039613663306333653861343334333336656464653737343262633463633335306664
32336534383066346137656332333562346365626331626637313737633634666161336633636331
33613937303331383664643432623762373937643331373834363233643733343465386465643061
61613831333064373238336566633861386137376362653339306436666365666463623732303936
33653662613032373633343162326535396436333861326366646334656137613736336233643865
33386432613464393365656534633934623832656162373138663232333332643538616434356366
62353937613962376164626530373161336332333864613730646337333964373063663763363232
31663230323361653238336263643837376565346532303134623062313638613533623531356136
61323130333534316664643331376263373638633734306438616635656164373033353337336534
65643938356564393464376635343234633736643165393137353030303964303832636136346435
65623131323464356337323539393965373566663461663937396334643738373530306231326438
64333036336161626231303565636535353266353963386163303835656336356435326564643837
36386635636161663062366164393337323262393363383033303261343237626531646131636261
37353165393464353037356634663265643733643365386466353563393534623636653966346466
62303535363030623033633664326131383061316235333638346366663537303732653936613731
30383264626436636566613238303162623538383661386634393538366664646234636530363730
34396331323930333431373964346337656566633038613261383763363536383630316238636532
65363164313365373535656634656238316333633030313438363136653733346261363832643936
37633134363162653864383937313866663930633864396636373561333836656135353337643033
34343731663436653339363936623430663766343333646537656461353936326633326536666236
36636265393135326139613136393061643461663162346339353635653330633531643531323334
35623332326563363862373262386133326235633939303766633861376165646337313130653165
62303434363035636261333831643232373661383738613635323938653233653365346661313265
65336662626434623534373036343061616638623466353436636336363136616334323437383166
39626539646436643133326562356631663434613138633636666561343862346337343734306162
64613337303366366333326436376334306430326131656636303433626339363462376539363666
37383338653231303235656231616631323330666639643339363630353437666165623631613965
64376235323731666639333339373737343438373231333830376339353639306464366133386565
36363031666634386530663266666433623066393365623438313137383433303735356234356539
63393964383931616437343135306436653434313230646330356233383234643064316566643663
38356530363832646264633238336636343133653932633835636132666138653361316539306435
66653363383434363730316638646635353065653166333731356338343932613763313066393263
37343263383361656538306534333861373262343361396661333963343538616562376665306437
39346531313338613534636534656231313065313736383536353366306230333861366464636162
33383036313336646135653632643530356335353431623532336665636563323863353937333030
35633962366638316564633266663663393034333531633231303266336132386138323263303164
61323530303065363762316439343361613836383862396364663361663632323862666435653163
37393432306535303534623737383936383232663035653632623039376430326365306563636438
35356165656162336439386263346435633936663535363532393833616137363465623062646539
66653366353766656465396432366164613539623936653364306665393039623330316636623038
32643564383563646264616265636363326134306266623430653036326436366230626134633062
39356530373262613837306161313430336563393236373962656136353463653636663839383662
32633065623139623666396138323161353637636461313237313430343761653133346230656362
36326463333639663230343939326131333331356335363464333565303232313531643331616465
61316264323133623765373739313762636664366231616566383336313035613164656465623266
35396233323734396362303261646562376634343439313336636339363165353632333635383461
36356431373738303135653133653062373362373064386335313836306339313432316462646561
34396230616137353638663866623932306635353162363430633065313635373163643336653538
36303638383766326231303065393065633761363630626336636663633166623336343863323231
64356261623833653031663566356438326332643664653262623531306530303430626438323065
31353935643361393738656661346463323736396635393636313262353163376261306463613164
33623765613534616262626436376162353764383161313232373838313131303236353766313734
36663437393866616561383737613536313366656335346163663064623936636433303932363965
30353465366331616235656331663462383739386638363934383332313761383439333865373439
65333664363164666365303038663231643330353966343463333933383530316363316136613964
32613532663234306338663565303964616539303432376334643936633863303161643735383836
65633533333863616431386536353837353836633761393466356465353462386664613962333831
32373431363131656133353235386636356437336565353638363565663332366639663063616633
39616264376562313339373730343362653765323633656232353833326364626465363837656233
35666337353266386134653335626561383161643665336261383863333131653263373139646564
36376134613432326265333661376262623334616332303134393766303633373564343135383331
30313134633536643764323234616363633233386638663930346637633938393462356562363461
63313630373335323939633636303333353131333662666533353465323335303562373638336265
36353265303137386335653433346337323963613330653831663763653734366263373665313738
38646233323137323066376537653230313336353730383030383730633337386635656238613936
31396665653330613839666432343334666334623366376335616334663266316338303063333266
35396261636533653362353866643831333530303561643437613132623836383131636665333564
6335366132626239393530366334396532613065306431333835
